id1 5
5 140.62 100.59
4 100.57 110.75
3 90.77 80.84
2 120.97 70.47
1 150.01 90.89
id2 7
2 120.97 70.47
3 90.77 80.84
9 70.85 80.18
8 40 60.54
7 90.96 20.52
6 130.21 30.19
12 170.58 50.91
id3 6
3 90.77 80.84
4 100.57 110.75
11 70.83 140.20
10 30.60 110.07
8 40 60.54
9 70.85 80.18
5 4
4 100.57 110.75
5 140.62 100.59
14 200.95 120.74
15 150.15 190.68
11 70.83 140.20
6 5
2 120.97 70.47
1 150.01 90.89
5 140.62 100.59
14 200.95 120.74
13 250.10 60.57
12 170.58 50.91
ko nec