1 863598.50 1010247.85 220.7086 
2 863599.25 1010249.52 220.5196 
3 863600.47 1010247.20 220.7130 
4 863600.88 1010247.04 220.7036 
5 863603.78 1010246.02 220.7187 
6 863604.06 1010245.93 220.7178 
7 863607.44 1010248.56 220.6093 
8 863606.97 1010244.84 220.7346 
9 863607.25 1010244.76 220.7252 
10 863610.20 1010243.72 220.7122 
11 863610.45 1010243.60 220.6907 
12 863611.35 1010245.42 220.5510 
13 863613.45 1010242.55 220.7143 
14 863613.70 1010242.49 220.6886 
15 863614.06 1010243.95 220.6590 
16 863615.30 1010244.79 220.5097 
17 863616.08 1010243.15 220.6868 
18 863616.65 1010241.43 220.6793 
19 863616.90 1010241.34 220.6832 
20 863619.88 1010240.33 220.6834 
21 863620.15 1010240.24 220.7164 
22 863621.98 1010239.85 220.7243 
23 863622.11 1010239.82 220.7248 
24 863622.46 1010239.71 220.7284 
25 863622.58 1010239.68 220.7306 
26 863623.19 1010239.47 220.7289 
27 863623.61 1010239.35 220.7256 
28 863624.89 1010238.81 220.7207 
29 863625.29 1010238.67 220.7248 
30 863625.42 1010240.65 220.4818 
31 863625.49 1010241.12 220.4974 
32 863621.85 1010243.29 220.5391 
33 863630.62 1010244.83 220.8151 
34 863630.35 1010244.34 220.7117 
35 863623.64 1010247.67 220.9849 
36 863623.82 1010248.19 221.1280 
37 863623.11 1010247.82 220.9963 
38 863620.98 1010247.97 220.7292 
39 863611.88 1010250.87 220.6981 
40 863604.45 1010254.02 220.7580 
41 863600.14 1010254.47 220.6558 
42 863609.75 1010255.63 223.6161 
43 863610.99 1010258.21 226.4839 
44 863618.26 1010253.63 223.4443 
45 863618.59 1010255.02 223.9709 
46 863618.88 1010261.31 228.4049 
47 863626.40 1010258.06 227.2936 
48 863629.66 1010252.45 224.6884 
49 863628.92 1010249.19 222.5287 
50 863639.11 1010259.33 230.3883 
51 863644.13 1010259.70 231.2668 
52 863642.42 1010254.21 227.9203 
53 863626.93 1010263.08 230.4650 
54 863630.99 1010246.37 221.2583 
55 863631.23 1010247.04 221.6246 
56 863632.25 1010250.35 223.4785 
57 863632.90 1010252.45 224.5177 
58 863633.84 1010255.86 226.4258 
59 863633.40 1010255.79 226.1245 
60 863633.20 1010255.20 225.9174 
61 863632.65 1010255.35 225.9658 
62 863630.11 1010256.83 226.1195 
63 863629.57 1010257.13 226.1173 
64 863636.65 1010254.65 226.2988 
65 863641.09 1010252.73 225.9380 
66 863643.01 1010251.76 225.7425 
67 863650.97 1010206.78 219.3284 
68 863654.30 1010206.46 219.3070 
69 863654.47 1010205.11 219.0322 
70 863654.82 1010207.27 219.3484 
71 863653.87 1010209.00 219.4698 
72 863655.65 1010209.69 219.5213 
73 863655.96 1010209.59 219.3427 
74 863654.92 1010208.68 219.6197 
75 863656.38 1010214.95 219.6042 
76 863655.85 1010214.78 219.7318 
77 863655.68 1010215.31 219.7736 
78 863653.35 1010215.36 219.8510 
79 863653.32 1010218.15 219.9710 
80 863652.88 1010218.16 220.0498 
81 863653.28 1010218.86 220.0093 
82 863655.72 1010221.30 219.8886 
83 863654.91 1010226.10 220.2156 
84 863653.50 1010225.41 220.1047 
85 863651.91 1010224.52 220.2691 
86 863649.62 1010230.25 220.3185 
87 863648.28 1010229.07 220.4914 
88 863650.05 1010233.80 220.5303 
89 863645.31 1010232.18 220.6053 
90 863643.05 1010234.48 220.5050 
91 863641.60 1010233.12 220.6442 
92 863638.30 1010236.14 220.6090 
93 863637.85 1010235.05 220.6180 
94 863634.73 1010237.39 220.4650 
95 863633.88 1010235.60 220.6128 
96 863640.09 1010241.75 220.7312 
97 863643.04 1010240.83 220.7208 
98 863642.74 1010240.44 220.6912 
99 863645.45 1010239.79 220.7468 
100 863648.30 1010238.54 220.7077 
101 863651.42 1010237.19 220.6691 
102 863651.16 1010236.91 220.6310 
103 863653.98 1010235.44 220.6252 
104 863654.60 1010235.11 220.6112 
105 863655.51 1010235.16 220.6581 
106 863655.25 1010234.70 220.6152 
107 863654.29 1010234.95 220.6012 
108 863659.00 1010231.18 220.5399 
109 863658.68 1010230.34 220.4797 
110 863659.87 1010230.68 220.5751 
111 863659.50 1010229.47 220.5001 
112 863660.60 1010228.49 220.4611 
113 863660.61 1010228.57 220.6959 
114 863659.64 1010229.44 220.7114 
115 863660.57 1010230.54 221.2159 
116 863661.62 1010229.56 221.2101 
117 863659.24 1010227.70 220.4285 
118 863659.69 1010228.12 220.4200 
119 863659.25 1010228.58 220.4468 
120 863663.80 1010227.58 220.4899 
121 863664.93 1010226.25 220.5148 
122 863664.87 1010225.99 220.9524 
123 863661.77 1010229.44 220.4839 
124 863662.06 1010229.16 220.4654 
125 863662.06 1010224.95 220.3230 
126 863663.29 1010220.47 220.2334 
127 863663.40 1010216.27 219.9948 
128 863662.81 1010212.08 219.8238 
129 863661.55 1010207.96 219.5815 
130 863661.40 1010207.39 219.5643 
131 863662.77 1010217.84 220.0606 
132 863662.47 1010213.00 219.8092 
133 863660.92 1010207.30 219.4765 
134 863661.54 1010212.09 219.6877 
135 863660.41 1010215.34 219.8441 
136 863661.26 1010206.88 219.5574 
137 863665.39 1010205.85 219.6916 
138 863664.27 1010200.72 219.4834 
139 863664.73 1010199.95 219.4352 
140 863659.54 1010203.31 219.3196 
141 863645.18 1010250.49 225.1235 
142 863649.68 1010248.21 224.9028 
143 863652.08 1010246.87 224.7720 
144 863654.27 1010245.62 224.5668 
145 863656.42 1010244.38 224.3679 
146 863658.45 1010243.03 224.2213 
147 863649.05 1010248.69 225.1945 
148 863650.62 1010248.14 224.9750 
149 863652.19 1010252.40 227.6791 
150 863658.61 1010242.92 224.9543 
151 863663.39 1010251.42 230.5342 
152 863669.53 1010248.03 231.1368 
153 863667.99 1010249.98 230.7580 
154 863665.89 1010242.20 226.5400 
155 863669.51 1010248.04 231.0805 
156 863662.81 1010240.02 224.0416 
157 863667.51 1010235.91 223.8355 
158 863669.57 1010233.87 223.7004 
159 863671.73 1010231.45 223.0831 
160 863669.82 1010229.29 221.5599 
161 863670.89 1010230.51 221.9839 
162 863669.61 1010228.49 221.4441 
163 863674.81 1010226.12 221.6505 
164 863675.07 1010243.89 231.0817 
165 863680.95 1010237.78 230.8422 
166 863677.51 1010232.84 227.3763 
167 863677.22 1010229.59 224.9100 
168 863674.77 1010231.00 224.5385 
169 863673.14 1010233.77 225.5970 
170 863672.30 1010234.04 225.3493 
171 863671.43 1010239.19 227.5100 
172 863668.96 1010242.19 228.5982 
173 863666.02 1010239.18 224.9804 
174 863665.01 1010239.02 224.6095 
175 863664.43 1010238.70 224.3548 
176 863665.97 1010242.27 226.8580 
177 863669.86 1010248.40 231.1723 
178 863673.67 1010228.38 222.6579 
179 863663.48 1010233.94 225.7295 
180 863663.14 1010234.28 225.7311 
181 863662.72 1010233.91 225.7465 
182 863663.17 1010234.35 224.9234 
183 863662.77 1010233.88 224.7730 
184 863663.42 1010233.90 224.8917 
185 863663.09 1010233.86 226.1256 
301 863655.35 1010236.46 220.7516 
302 863645.70 1010241.81 220.8206 
303 863643.27 1010247.13 220.9310 
304 863642.92 1010246.42 220.8989 
305 863642.57 1010245.65 220.9179 
306 863642.26 1010245.00 220.9047 
307 863640.99 1010245.63 220.8894 
308 863639.65 1010243.08 220.9199 
309 863638.83 1010243.42 221.1031 
310 863639.42 1010244.63 221.7888 
311 863640.08 1010245.87 222.3200 
312 863640.69 1010247.15 222.8926 
313 863642.79 1010251.47 224.4911 
314 863638.80 1010246.82 222.7983 
315 863648.58 1010246.92 220.9932 
316 863643.54 1010250.36 221.3266 
317 863654.87 1010243.88 221.2350 
318 863650.81 1010246.69 221.1058 
319 863653.99 1010245.00 221.2155 
320 863657.41 1010242.97 221.2512 
321 863658.62 1010241.33 221.2089 
322 863660.45 1010240.48 221.2163 
323 863660.65 1010240.69 221.2289 
324 863664.45 1010237.65 221.4554 
325 863667.17 1010234.75 221.3719 
326 863669.30 1010232.53 221.2199 
327 863646.28 1010180.91 217.7510 
328 863647.46 1010179.06 217.8511 
329 863646.38 1010179.72 217.7641 
330 863646.18 1010179.25 217.7457 
331 863645.99 1010179.49 217.7364 
332 863668.70 1010232.85 221.2211 
333 863669.12 1010231.08 221.1836 
334 863667.82 1010228.82 220.9489 
335 863669.81 1010233.11 223.0073 
336 863668.40 1010232.41 221.1976 
337 863664.39 1010228.13 220.9633 
338 863664.13 1010227.87 220.9641 