3 1234057.64 974563.32 267.522
4 1234053.76 974568.17 267.629
5 1234049.68 974572.62 267.098
6 1234046.84 974574.33 267.069
7 1234047.81 974575.17 266.422
8 1234041.65 974579.99 266.682
9 1234038.18 974585.63 265.971
10 1234036.09 974591.81 265.057
11 1234040.72 974585.76 264.495
12 1234043.18 974583.35 264.326
13 1234043.81 974583.57 264.286
14 1234045.75 974579.98 264.439
15 1234046.32 974578.66 264.690
16 1234052.30 974573.69 264.894
17 1234046.88 974579.49 264.468
18 1234047.72 974579.87 264.340
19 1234049.40 974581.77 263.958
20 1234052.26 974578.56 264.472
21 1234054.04 974575.03 264.521
22 1234053.95 974574.07 264.638
23 1234053.15 974570.59 266.360
24 1234052.46 974563.85 268.038
25 1234048.71 974567.62 267.780
26 1234043.23 974573.74 267.446
27 1234038.91 974579.82 267.174
28 1234035.54 974586.71 266.281
29 1234030.20 974597.29 265.385
30 1234036.52 974595.07 264.415
31 1234046.59 974567.24 268.742
32 1234040.07 974573.97 268.758
33 1234035.16 974581.99 268.489
34 1234032.39 974579.68 269.138
35 1234032.73 974573.57 269.612
36 1234040.76 974567.88 269.099
37 1234053.21 974560.82 268.164
38 1234060.31 974556.29 267.434
39 1234059.29 974554.36 267.429
40 1234049.15 974560.75 268.426
41 1234039.54 974566.25 269.116
42 1234062.16 974558.72 267.485
43 1234068.27 974546.15 266.464
44 1234057.75 974566.21 266.215
45 1234056.53 974572.10 265.242
46 1234058.97 974573.34 263.455
47 1234054.80 974575.42 264.357
48 1234054.60 974580.13 262.841
50 1234046.66 974588.32 263.657
51 1234042.86 974595.19 263.179
52 1234038.63 974601.87 262.967
53 1234033.66 974602.36 263.889
54 1234029.28 974591.66 268.411
56 1234047.52 974585.37 263.808
57 1234042.46 974588.17 263.939
58 1234054.90 974575.16 264.792
59 1234043.86 974596.92 262.103
60 1234042.48 974603.15 259.304
61 1234044.07 974601.90 259.566
62 1234048.05 974595.90 258.967
63 1234053.25 974586.28 259.708
64 1234059.05 974580.19 259.910
65 1234046.47 974603.76 257.217
66 1234050.20 974597.34 257.020
67 1234053.20 974591.81 257.260
68 1234055.23 974592.63 255.578
69 1234055.83 974592.87 255.053
70 1234060.29 974585.20 256.284
71 1234065.72 974578.16 257.272
72 1234067.56 974581.97 254.455
73 1234068.04 974582.37 254.649
74 1234061.77 974589.64 253.923
75 1234062.74 974590.37 254.378
76 1234056.90 974597.64 253.495
77 1234058.16 974598.48 254.142
78 1234052.28 974607.03 253.256
79 1234053.60 974607.65 253.886
80 1234058.34 974610.22 253.169
81 1234062.99 974601.42 253.376
82 1234067.77 974593.59 253.739
83 1234073.33 974586.10 254.119
